{
 "cells": [
  {
   "cell_type": "markdown",
   "metadata": {},
   "source": [
    "# imports"
   ]
  },
  {
   "cell_type": "code",
   "execution_count": 1,
   "metadata": {},
   "outputs": [],
   "source": [
    "import pandas as pd\n",
    "import numpy as np\n",
    "import seaborn as sns\n",
    "import matplotlib.pyplot as plt\n",
    "import scipy.stats as st\n",
    "from sympy import *\n",
    "import time as dt\n",
    "import warnings\n",
    "from IPython.display import Math,Latex\n",
    "from pandas.errors import SettingWithCopyWarning\n",
    "\n",
    "# sklearn\n",
    "from sklearn.linear_model import LinearRegression\n",
    "from sklearn.metrics import r2_score\n",
    "from sklearn.preprocessing import PolynomialFeatures,StandardScaler,MinMaxScaler\n",
    "from sklearn.decomposition import PCA\n",
    "\n",
    "from statsmodels.api import *\n",
    "\n",
    "from scipy.stats import jarque_bera, kstest, kstwobign"
   ]
  },
  {
   "cell_type": "markdown",
   "metadata": {},
   "source": [
    "# Задача 3.1. "
   ]
  },
  {
   "cell_type": "markdown",
   "metadata": {},
   "source": [
    "Для оценки удовлетворенности населения жизнью проведен социологический опрос в 80 странах мира. В таблице представлены агрегированные результаты проведенного опроса в разрезе стран, единицей измерения показателей является доля (%) респондентов, положительно оценивающих параметр. В качестве основных параметров удовлетворенности жизнью выбраны следующие:\n",
    "- х1 – работа, %;\n",
    "- х2 – здоровье, %; \n",
    "- х3 - материальное благополучие, %; \n",
    "- х4 - достижение поставленных целей, %; \n",
    "- х5 - социальный статус, %; \n",
    "- х6 - социальные контакты, %. \n",
    "<br>\n",
    "\n",
    "Необходимо с помощью метода главных компонент выявить факторы удовлетворенности населения жизнью, ранжировать страны по уровню удовлетворенности населения жизнью.  "
   ]
  },
  {
   "cell_type": "markdown",
   "metadata": {},
   "source": [
    "## Возьмем данные из `Исходные данные для задачи 3.1.pdf`"
   ]
  },
  {
   "cell_type": "code",
   "execution_count": 2,
   "metadata": {},
   "outputs": [
    {
     "data": {
      "text/html": [
       "<div>\n",
       "<style scoped>\n",
       "    .dataframe tbody tr th:only-of-type {\n",
       "        vertical-align: middle;\n",
       "    }\n",
       "\n",
       "    .dataframe tbody tr th {\n",
       "        vertical-align: top;\n",
       "    }\n",
       "\n",
       "    .dataframe thead th {\n",
       "        text-align: right;\n",
       "    }\n",
       "</style>\n",
       "<table border=\"1\" class=\"dataframe\">\n",
       "  <thead>\n",
       "    <tr style=\"text-align: right;\">\n",
       "      <th></th>\n",
       "      <th>Страна</th>\n",
       "      <th>x1</th>\n",
       "      <th>x2</th>\n",
       "      <th>x3</th>\n",
       "      <th>x4</th>\n",
       "      <th>x5</th>\n",
       "      <th>x6</th>\n",
       "    </tr>\n",
       "    <tr>\n",
       "      <th>№</th>\n",
       "      <th></th>\n",
       "      <th></th>\n",
       "      <th></th>\n",
       "      <th></th>\n",
       "      <th></th>\n",
       "      <th></th>\n",
       "      <th></th>\n",
       "    </tr>\n",
       "  </thead>\n",
       "  <tbody>\n",
       "    <tr>\n",
       "      <th>1</th>\n",
       "      <td>Израиль</td>\n",
       "      <td>80</td>\n",
       "      <td>80</td>\n",
       "      <td>71</td>\n",
       "      <td>88</td>\n",
       "      <td>81</td>\n",
       "      <td>85</td>\n",
       "    </tr>\n",
       "    <tr>\n",
       "      <th>2</th>\n",
       "      <td>Греция</td>\n",
       "      <td>80</td>\n",
       "      <td>82</td>\n",
       "      <td>57</td>\n",
       "      <td>90</td>\n",
       "      <td>92</td>\n",
       "      <td>79</td>\n",
       "    </tr>\n",
       "    <tr>\n",
       "      <th>3</th>\n",
       "      <td>Словакия</td>\n",
       "      <td>76</td>\n",
       "      <td>72</td>\n",
       "      <td>47</td>\n",
       "      <td>85</td>\n",
       "      <td>78</td>\n",
       "      <td>93</td>\n",
       "    </tr>\n",
       "    <tr>\n",
       "      <th>4</th>\n",
       "      <td>Эстония</td>\n",
       "      <td>79</td>\n",
       "      <td>64</td>\n",
       "      <td>46</td>\n",
       "      <td>72</td>\n",
       "      <td>79</td>\n",
       "      <td>85</td>\n",
       "    </tr>\n",
       "    <tr>\n",
       "      <th>5</th>\n",
       "      <td>Венгрия</td>\n",
       "      <td>83</td>\n",
       "      <td>69</td>\n",
       "      <td>43</td>\n",
       "      <td>88</td>\n",
       "      <td>88</td>\n",
       "      <td>90</td>\n",
       "    </tr>\n",
       "    <tr>\n",
       "      <th>...</th>\n",
       "      <td>...</td>\n",
       "      <td>...</td>\n",
       "      <td>...</td>\n",
       "      <td>...</td>\n",
       "      <td>...</td>\n",
       "      <td>...</td>\n",
       "      <td>...</td>\n",
       "    </tr>\n",
       "    <tr>\n",
       "      <th>76</th>\n",
       "      <td>Чад</td>\n",
       "      <td>78</td>\n",
       "      <td>69</td>\n",
       "      <td>52</td>\n",
       "      <td>93</td>\n",
       "      <td>79</td>\n",
       "      <td>57</td>\n",
       "    </tr>\n",
       "    <tr>\n",
       "      <th>77</th>\n",
       "      <td>Мозамбик</td>\n",
       "      <td>74</td>\n",
       "      <td>82</td>\n",
       "      <td>46</td>\n",
       "      <td>93</td>\n",
       "      <td>89</td>\n",
       "      <td>75</td>\n",
       "    </tr>\n",
       "    <tr>\n",
       "      <th>78</th>\n",
       "      <td>Нигер</td>\n",
       "      <td>54</td>\n",
       "      <td>82</td>\n",
       "      <td>52</td>\n",
       "      <td>99</td>\n",
       "      <td>93</td>\n",
       "      <td>77</td>\n",
       "    </tr>\n",
       "    <tr>\n",
       "      <th>79</th>\n",
       "      <td>Конго</td>\n",
       "      <td>60</td>\n",
       "      <td>74</td>\n",
       "      <td>40</td>\n",
       "      <td>98</td>\n",
       "      <td>79</td>\n",
       "      <td>67</td>\n",
       "    </tr>\n",
       "    <tr>\n",
       "      <th>80</th>\n",
       "      <td>Зимбабве</td>\n",
       "      <td>49</td>\n",
       "      <td>72</td>\n",
       "      <td>27</td>\n",
       "      <td>91</td>\n",
       "      <td>81</td>\n",
       "      <td>81</td>\n",
       "    </tr>\n",
       "  </tbody>\n",
       "</table>\n",
       "<p>80 rows × 7 columns</p>\n",
       "</div>"
      ],
      "text/plain": [
       "      Страна  x1  x2  x3  x4  x5  x6\n",
       "№                                   \n",
       "1    Израиль  80  80  71  88  81  85\n",
       "2     Греция  80  82  57  90  92  79\n",
       "3   Словакия  76  72  47  85  78  93\n",
       "4    Эстония  79  64  46  72  79  85\n",
       "5    Венгрия  83  69  43  88  88  90\n",
       "..       ...  ..  ..  ..  ..  ..  ..\n",
       "76       Чад  78  69  52  93  79  57\n",
       "77  Мозамбик  74  82  46  93  89  75\n",
       "78     Нигер  54  82  52  99  93  77\n",
       "79     Конго  60  74  40  98  79  67\n",
       "80  Зимбабве  49  72  27  91  81  81\n",
       "\n",
       "[80 rows x 7 columns]"
      ]
     },
     "execution_count": 2,
     "metadata": {},
     "output_type": "execute_result"
    }
   ],
   "source": [
    "def get_countries_back(text:str)->str:\n",
    "    repladict = {\n",
    "        'Буркина-фасо':'Буркина-Фасо',\n",
    "        'республика': ' Республика',\n",
    "        'Тринидадитобаго':'Тринидад и Тобаго',\n",
    "        'Боснияигерцеговина':'Босния и Герцеговина',\n",
    "        'Сьерралеон':'Сьерра Леон',\n",
    "        '-африканская': '-Африканская',\n",
    "        \n",
    "    }\n",
    "    text = text.capitalize()\n",
    "    for key,value in repladict.items():\n",
    "        text = text.replace(key,value)\n",
    "        \n",
    "    return text\n",
    "\n",
    "# Скопируем таблицу из Исходные данные для задачи 3.1.pdf\n",
    "text3_1 ='''№ Страна х1 х2 х3 х4 х5 х6 1 Израиль 80 80 71 88 81 85 2 Греция 80 82 57 90 92 79 3 Словакия 76 72 47 85 78 93 4 Эстония 79 64 46 72 79 85 5 Венгрия 83 69 43 88 88 90 6 Португалия 90 80 47 92 93 87 7 Польша 82 72 67 87 91 89 8 Чили 81 73 68 90 93 83 9 Латвия 79 63 33 79 80 78 10 Хорватия 78 77 48 83 74 90 11 Болгария 73 67 29 77 77 81 12 Тринидад и Тобаго 76 82 40 97 93 85 13 Сербия 73 73 35 84 77 82 14 Белоруссия 66 55 34 70 71 88 15 Перу 74 72 54 96 89 79 16 Албания 72 75 43 78 68 79 17 Россия 74 56 36 79 83 88 18 Казахстан 82 68 51 88 81 88 19 Азербайджан 73 68 42 87 79 72 20 Босния и Герцеговина 76 75 39 80 67 74 21 Украина 71 55 23 74 78 81 22 Иран 71 82 55 87 81 62 23 Югославия 71 82 34 93 81 78 24 Грузия 63 50 22 86 83 54 25 Армения 61 53 31 93 89 67 26 Эквадор 80 76 57 98 93 78 27 Гайана 79 83 69 90 75 83 28 Ямайка 82 88 50 98 80 91 29 Турция 71 76 44 85 68 64 30 Доминиканская Республика 69 80 57 96 92 84 31 Сальвадор 82 80 60 97 89 72 32 Шри-Ланка  86 77 58 91 76 82 33 Таиланд  91 79 63 95 75 82 34 Боливия 83 79 67 94 90 82 35 Парагвай 85 84 63 93 96 89 36 Филиппины 83 77 68 96 94 77 37 Ботсвана 58 67 41 92 83 83 38 Молдова 68 60 39 79 73 83 39 Гана  84 87 64 95 77 84 40 Намибия 84 87 61 98 86 83 41 Гондурас 84 83 65 95 91 81 42 Индонезия 63 83 62 95 92 78 43 Киргизия 78 74 48 91 86 85 44 ЮАР 66 79 42 97 83 88 45 Таджикистан 78 75 69 91 76 65 46 Вьетнам 72 79 59 98 92 79 47 Марокко  69 88 71 90 89 85 48 Никарагуа  80 80 62 98 91 83 49 Индия 74 85 61 91 72 66 50 Камбоджи  80 69 51 81 87 82 51 Кения  57 70 25 98 78 79 52 Бангладеш  76 73 63 94 87 53 53 Гана  54 66 34 98 88 63 54 Камерун 63 69 40 93 85 73 55 Йемен 74 80 53 88 84 75 56 Мадагаскар  46 76 24 96 77 77 57 Мавритания  57 79 47 93 85 81 58 Нигерия 65 80 40 92 81 72 59 Уганда 53 64 35 96 79 85 60 Сенегал  39 68 27 89 85 81 61 Гаити  51 51 35 81 66 64 62 Ангола  72 67 54 90 83 58 63 Танзания  45 67 21 95 74 76 64 Замбия  48 78 34 93 83 62 65 Руанда  41 64 37 88 77 56 66 Малави  62 77 64 99 88 72 67 Судан 65 77 64 97 89 89 68 Афганистан  71 79 53 83 64 54 69 Гвинея  68 75 27 96 86 58 70 Эфиопия  50 79 33 89 74 76 71 СьерраЛеон  49 47 19 98 81 59 72 Центрально-Африканская  республика 78 81 31 96 74 56 73 Мали 30 71 30 99 86 75 74 Буркина-Фасо 46 70 27 94 83 73 75 Либерия 47 70 46 100 82 58 76 Чад 78 69 52 93 79 57 77 Мозамбик 74 82 46 93 89 75 78 Нигер 54 82 52 99 93 77 79 Конго 60 74 40 98 79 67 80 Зимбабве 49 72 27 91 81 81'''\n",
    "\n",
    "# Преобразцем полученную строку в массив так, чтобы страна была одним элементом массива\n",
    "strs3_1 = np.array(text3_1.lower().replace(' и ','и').replace('  ',' ').replace(' республика','Республика').split(' '))\n",
    "\n",
    "# Изменим размерность массива и запишем данные в pandas.DataFrame\n",
    "df3_1 = pd.DataFrame(strs3_1.reshape(strs3_1.size//8,8))\n",
    "\n",
    "# Обозначим первую строку как заголовок, первый столбец за индекс и выполним обратное преобразование названий стран\n",
    "df3_1.columns = df3_1.iloc[0]\n",
    "df3_1 = df3_1.drop(0).reset_index(drop=True)\n",
    "df3_1.set_index('№', inplace=True)\n",
    "df3_1['страна'] = df3_1['страна'].apply(get_countries_back)\n",
    "\n",
    "# Переименуем столбцы в удобный вид\n",
    "df3_1.columns = ['Страна']+[f'x{i}' for i in range(1,7)]\n",
    "\n",
    "# Трансформируем значения числовых столбцов в числовой тип данных\n",
    "for i in range(1,7):\n",
    "    df3_1[f'x{i}']=df3_1[f'x{i}'].transform(int)\n",
    "\n",
    "\n",
    "df3_1"
   ]
  },
  {
   "cell_type": "markdown",
   "metadata": {},
   "source": [
    "## Перейдем к выполнению алгоритма главных компонент"
   ]
  },
  {
   "cell_type": "markdown",
   "metadata": {},
   "source": [
    "### 1. Центрирование данных"
   ]
  },
  {
   "cell_type": "code",
   "execution_count": 3,
   "metadata": {},
   "outputs": [
    {
     "data": {
      "text/html": [
       "<div>\n",
       "<style scoped>\n",
       "    .dataframe tbody tr th:only-of-type {\n",
       "        vertical-align: middle;\n",
       "    }\n",
       "\n",
       "    .dataframe tbody tr th {\n",
       "        vertical-align: top;\n",
       "    }\n",
       "\n",
       "    .dataframe thead th {\n",
       "        text-align: right;\n",
       "    }\n",
       "</style>\n",
       "<table border=\"1\" class=\"dataframe\">\n",
       "  <thead>\n",
       "    <tr style=\"text-align: right;\">\n",
       "      <th></th>\n",
       "      <th>x1</th>\n",
       "      <th>x2</th>\n",
       "      <th>x3</th>\n",
       "      <th>x4</th>\n",
       "      <th>x5</th>\n",
       "      <th>x6</th>\n",
       "    </tr>\n",
       "    <tr>\n",
       "      <th>№</th>\n",
       "      <th></th>\n",
       "      <th></th>\n",
       "      <th></th>\n",
       "      <th></th>\n",
       "      <th></th>\n",
       "      <th></th>\n",
       "    </tr>\n",
       "  </thead>\n",
       "  <tbody>\n",
       "    <tr>\n",
       "      <th>1</th>\n",
       "      <td>10.8125</td>\n",
       "      <td>6.5375</td>\n",
       "      <td>24.425</td>\n",
       "      <td>-2.7</td>\n",
       "      <td>-1.4</td>\n",
       "      <td>8.65</td>\n",
       "    </tr>\n",
       "    <tr>\n",
       "      <th>2</th>\n",
       "      <td>10.8125</td>\n",
       "      <td>8.5375</td>\n",
       "      <td>10.425</td>\n",
       "      <td>-0.7</td>\n",
       "      <td>9.6</td>\n",
       "      <td>2.65</td>\n",
       "    </tr>\n",
       "    <tr>\n",
       "      <th>3</th>\n",
       "      <td>6.8125</td>\n",
       "      <td>-1.4625</td>\n",
       "      <td>0.425</td>\n",
       "      <td>-5.7</td>\n",
       "      <td>-4.4</td>\n",
       "      <td>16.65</td>\n",
       "    </tr>\n",
       "    <tr>\n",
       "      <th>4</th>\n",
       "      <td>9.8125</td>\n",
       "      <td>-9.4625</td>\n",
       "      <td>-0.575</td>\n",
       "      <td>-18.7</td>\n",
       "      <td>-3.4</td>\n",
       "      <td>8.65</td>\n",
       "    </tr>\n",
       "    <tr>\n",
       "      <th>5</th>\n",
       "      <td>13.8125</td>\n",
       "      <td>-4.4625</td>\n",
       "      <td>-3.575</td>\n",
       "      <td>-2.7</td>\n",
       "      <td>5.6</td>\n",
       "      <td>13.65</td>\n",
       "    </tr>\n",
       "    <tr>\n",
       "      <th>...</th>\n",
       "      <td>...</td>\n",
       "      <td>...</td>\n",
       "      <td>...</td>\n",
       "      <td>...</td>\n",
       "      <td>...</td>\n",
       "      <td>...</td>\n",
       "    </tr>\n",
       "    <tr>\n",
       "      <th>76</th>\n",
       "      <td>8.8125</td>\n",
       "      <td>-4.4625</td>\n",
       "      <td>5.425</td>\n",
       "      <td>2.3</td>\n",
       "      <td>-3.4</td>\n",
       "      <td>-19.35</td>\n",
       "    </tr>\n",
       "    <tr>\n",
       "      <th>77</th>\n",
       "      <td>4.8125</td>\n",
       "      <td>8.5375</td>\n",
       "      <td>-0.575</td>\n",
       "      <td>2.3</td>\n",
       "      <td>6.6</td>\n",
       "      <td>-1.35</td>\n",
       "    </tr>\n",
       "    <tr>\n",
       "      <th>78</th>\n",
       "      <td>-15.1875</td>\n",
       "      <td>8.5375</td>\n",
       "      <td>5.425</td>\n",
       "      <td>8.3</td>\n",
       "      <td>10.6</td>\n",
       "      <td>0.65</td>\n",
       "    </tr>\n",
       "    <tr>\n",
       "      <th>79</th>\n",
       "      <td>-9.1875</td>\n",
       "      <td>0.5375</td>\n",
       "      <td>-6.575</td>\n",
       "      <td>7.3</td>\n",
       "      <td>-3.4</td>\n",
       "      <td>-9.35</td>\n",
       "    </tr>\n",
       "    <tr>\n",
       "      <th>80</th>\n",
       "      <td>-20.1875</td>\n",
       "      <td>-1.4625</td>\n",
       "      <td>-19.575</td>\n",
       "      <td>0.3</td>\n",
       "      <td>-1.4</td>\n",
       "      <td>4.65</td>\n",
       "    </tr>\n",
       "  </tbody>\n",
       "</table>\n",
       "<p>80 rows × 6 columns</p>\n",
       "</div>"
      ],
      "text/plain": [
       "         x1      x2      x3    x4    x5     x6\n",
       "№                                             \n",
       "1   10.8125  6.5375  24.425  -2.7  -1.4   8.65\n",
       "2   10.8125  8.5375  10.425  -0.7   9.6   2.65\n",
       "3    6.8125 -1.4625   0.425  -5.7  -4.4  16.65\n",
       "4    9.8125 -9.4625  -0.575 -18.7  -3.4   8.65\n",
       "5   13.8125 -4.4625  -3.575  -2.7   5.6  13.65\n",
       "..      ...     ...     ...   ...   ...    ...\n",
       "76   8.8125 -4.4625   5.425   2.3  -3.4 -19.35\n",
       "77   4.8125  8.5375  -0.575   2.3   6.6  -1.35\n",
       "78 -15.1875  8.5375   5.425   8.3  10.6   0.65\n",
       "79  -9.1875  0.5375  -6.575   7.3  -3.4  -9.35\n",
       "80 -20.1875 -1.4625 -19.575   0.3  -1.4   4.65\n",
       "\n",
       "[80 rows x 6 columns]"
      ]
     },
     "execution_count": 3,
     "metadata": {},
     "output_type": "execute_result"
    }
   ],
   "source": [
    "data_centered = df3_1.iloc[:,1:] - np.mean(df3_1.iloc[:,1:], axis=0)\n",
    "data_centered"
   ]
  },
  {
   "cell_type": "markdown",
   "metadata": {},
   "source": [
    "### 2. Ковариационная матрица"
   ]
  },
  {
   "cell_type": "code",
   "execution_count": 4,
   "metadata": {},
   "outputs": [
    {
     "data": {
      "text/plain": [
       "array([[177.14161392,  44.40585443, 118.89082278, -15.90506329,\n",
       "         15.27848101,  46.90822785],\n",
       "       [ 44.40585443,  83.41629747,  78.65474684,  27.45696203,\n",
       "         16.52151899,  20.83607595],\n",
       "       [118.89082278,  78.65474684, 205.36139241,  19.7443038 ,\n",
       "         37.65316456,  34.08734177],\n",
       "       [-15.90506329,  27.45696203,  19.7443038 ,  47.55443038,\n",
       "         25.99493671, -10.61518987],\n",
       "       [ 15.27848101,  16.52151899,  37.65316456,  25.99493671,\n",
       "         55.07848101,  18.37721519],\n",
       "       [ 46.90822785,  20.83607595,  34.08734177, -10.61518987,\n",
       "         18.37721519, 109.39493671]])"
      ]
     },
     "execution_count": 4,
     "metadata": {},
     "output_type": "execute_result"
    }
   ],
   "source": [
    "cov_matrix = np.cov(data_centered, rowvar=False)\n",
    "cov_matrix"
   ]
  },
  {
   "cell_type": "markdown",
   "metadata": {},
   "source": [
    "### 3. Собственные значения и собственные векторы\n",
    "    "
   ]
  },
  {
   "cell_type": "code",
   "execution_count": 5,
   "metadata": {},
   "outputs": [
    {
     "name": "stdout",
     "output_type": "stream",
     "text": [
      "Собственные значения =  [ 13.04851148  43.29783624  47.54565899  91.62374906 119.19843693\n",
      " 363.23295919] \n",
      "\n",
      "Собственные векторы =  [[ 0.11985032 -0.48057759 -0.18402864  0.38369624  0.48113766 -0.58489168]\n",
      " [-0.38267687 -0.44473463  0.63460139 -0.19194274 -0.33942831 -0.31780026]\n",
      " [ 0.07171259  0.62146814 -0.01168077  0.12416326 -0.34038398 -0.69081144]\n",
      " [ 0.74643291 -0.36258469 -0.15389928 -0.22000562 -0.48702893 -0.04566848]\n",
      " [-0.49594227 -0.17519795 -0.72452153 -0.35322081 -0.22724366 -0.14836063]\n",
      " [ 0.17587151  0.15123381  0.12108531 -0.79205508  0.49859489 -0.2357706 ]]\n"
     ]
    }
   ],
   "source": [
    "eigenvalues, eigenvectors = np.linalg.eigh(cov_matrix)\n",
    "print('Собственные значения = ' ,eigenvalues,'\\n')\n",
    "print('Собственные векторы = ' ,eigenvectors)"
   ]
  },
  {
   "cell_type": "markdown",
   "metadata": {},
   "source": [
    "### 4. Сортировка собственных значений и векторов"
   ]
  },
  {
   "cell_type": "code",
   "execution_count": 6,
   "metadata": {},
   "outputs": [
    {
     "name": "stdout",
     "output_type": "stream",
     "text": [
      "Собственные значения =  [363.23295919 119.19843693  91.62374906  47.54565899  43.29783624\n",
      "  13.04851148] \n",
      "\n",
      "Собственные векторы =  [[-0.58489168  0.48113766  0.38369624 -0.18402864 -0.48057759  0.11985032]\n",
      " [-0.31780026 -0.33942831 -0.19194274  0.63460139 -0.44473463 -0.38267687]\n",
      " [-0.69081144 -0.34038398  0.12416326 -0.01168077  0.62146814  0.07171259]\n",
      " [-0.04566848 -0.48702893 -0.22000562 -0.15389928 -0.36258469  0.74643291]\n",
      " [-0.14836063 -0.22724366 -0.35322081 -0.72452153 -0.17519795 -0.49594227]\n",
      " [-0.2357706   0.49859489 -0.79205508  0.12108531  0.15123381  0.17587151]]\n"
     ]
    }
   ],
   "source": [
    "# Отсортируем по убыванию собственные значения\n",
    "sorted_indices = np.argsort(eigenvalues)[::-1]\n",
    "eigenvalues = eigenvalues[sorted_indices]\n",
    "\n",
    "# И векторы\n",
    "eigenvectors = eigenvectors[:, sorted_indices]\n",
    "\n",
    "print('Собственные значения = ' ,eigenvalues,'\\n')\n",
    "print('Собственные векторы = ' ,eigenvectors)"
   ]
  },
  {
   "cell_type": "markdown",
   "metadata": {},
   "source": [
    "### 5. Проекция данных"
   ]
  },
  {
   "cell_type": "code",
   "execution_count": 7,
   "metadata": {},
   "outputs": [
    {
     "data": {
      "text/plain": [
       "array([[-2.69832360e+01,  6.15374714e-01,  1.63825443e-01,\n",
       "         4.35084026e+00,  9.60808957e+00,  7.45950418e-01],\n",
       "       [-1.82561566e+01, -1.76341356e+00, -1.53145527e+00,\n",
       "        -3.22047344e+00, -3.54168322e+00, -6.04110777e+00],\n",
       "       [-6.82587003e+00,  1.57070429e+01, -7.43209725e+00,\n",
       "         3.89442707e+00,  2.99626006e+00,  2.26236217e+00],\n",
       "       [-3.01583714e+00,  2.23216396e+01,  3.97366303e+00,\n",
       "        -1.41530264e+00,  7.81946878e+00, -5.99492674e+00],\n",
       "       [-8.11676515e+00,  1.62255194e+01, -6.48310804e+00,\n",
       "        -7.32102359e+00, -4.81288672e+00,  7.14756170e-01],\n",
       "       [-1.86872208e+01,  9.91811710e+00, -5.68191267e+00,\n",
       "        -6.27679253e+00, -1.33631682e+01, -2.39048103e+00],\n",
       "       [-2.52283917e+01,  5.86358434e+00, -4.51031597e+00,\n",
       "        -7.65427989e+00,  8.93447929e+00, -1.24215390e+00],\n",
       "       [-2.46712148e+01, -2.04509038e-01, -1.57591966e+00,\n",
       "        -9.48458339e+00,  7.24623759e+00, -1.48078338e+00],\n",
       "       [ 7.46486617e+00,  1.99594493e+01,  6.20260882e+00,\n",
       "        -4.54746766e+00, -3.58680979e+00, -3.04652598e+00],\n",
       "       [-8.88337487e+00,  1.50190405e+01, -3.27119549e+00,\n",
       "         9.53032474e+00,  1.40515963e+00,  6.23679767e-01],\n",
       "       [ 1.22953680e+01,  2.02280195e+01,  1.75951578e+00,\n",
       "         1.98645191e+00, -3.26369063e+00, -5.06061021e+00],\n",
       "       [-6.05545889e+00,  1.45368665e+00, -1.18226063e+01,\n",
       "        -3.36109040e+00, -1.39902191e+01, -1.95530585e+00],\n",
       "       [ 5.68824783e+00,  1.32385382e+01, -9.79255508e-01,\n",
       "         4.76776602e+00, -4.59014863e+00, -1.52549400e+00],\n",
       "       [ 1.63086046e+01,  2.74941043e+01,  1.12749818e-01,\n",
       "         1.87305313e+00,  1.31924259e+01, -1.96715327e+00],\n",
       "       [-9.32529848e+00, -2.47524714e+00, -2.54706644e+00,\n",
       "        -7.17710430e+00,  2.74809887e-01,  2.81784552e+00],\n",
       "       [ 2.42761577e+00,  1.28270539e+01,  6.12165506e+00,\n",
       "         1.32083848e+01,  3.27129306e+00, -2.37972895e+00],\n",
       "       [ 7.73870415e+00,  2.32128251e+01, -2.97999669e+00,\n",
       "        -9.06728802e+00,  4.78036918e+00, -4.81013423e-01],\n",
       "       [-1.12304991e+01,  1.39542540e+01, -1.62489966e+00,\n",
       "        -3.03556241e+00,  2.00808860e+00,  4.67113629e+00],\n",
       "       [ 4.36554840e+00,  5.65146887e+00,  7.40369336e+00,\n",
       "        -1.60860034e+00, -9.66686568e-01,  3.78577525e-01],\n",
       "       [ 4.08717153e+00,  1.28733518e+01,  1.10332720e+01,\n",
       "         1.23302898e+01, -2.44303032e+00, -1.07772748e+00],\n",
       "       [ 2.14122680e+01,  2.66150309e+01,  2.85725264e+00,\n",
       "        -5.45344661e+00,  2.18027395e-01, -3.87370496e+00],\n",
       "       [-5.83343591e+00, -9.92823069e+00,  1.27773341e+01,\n",
       "         4.83213026e+00, -1.54643318e-02, -7.03693533e+00],\n",
       "       [ 4.62726388e+00,  2.27517757e+00, -3.82300936e+00,\n",
       "         6.09139574e+00, -1.28220625e+01, -1.25035798e+00],\n",
       "       [ 3.34471957e+01,  4.36082767e+00,  1.76025489e+01,\n",
       "        -1.58812461e+01, -3.64546564e+00, -1.26188302e+00],\n",
       "       [ 2.31714143e+01,  1.02588072e+00,  3.42071729e+00,\n",
       "        -1.75648266e+01, -4.85421829e-02,  2.53150545e+00],\n",
       "       [-1.66272928e+01, -4.34891369e+00, -1.70100952e+00,\n",
       "        -9.10488287e+00, -4.10038476e+00,  1.55460296e+00],\n",
       "       [-2.46997542e+01, -8.11065604e-01,  2.21939822e+00,\n",
       "         1.02591946e+01,  7.53507769e+00,  3.45142074e+00],\n",
       "       [-1.79113289e+01,  4.35881091e+00, -9.81091832e+00,\n",
       "         9.21693092e+00, -1.05050196e+01,  5.43377225e+00],\n",
       "       [ 5.22077549e+00,  7.77978096e-01,  1.60109662e+01,\n",
       "         1.11217595e+01, -8.77995762e-01, -2.23585852e-01],\n",
       "       [-1.26396114e+01, -6.80627038e+00, -1.06485376e+01,\n",
       "        -2.78333030e+00,  1.21480044e+00, -1.23615253e+00],\n",
       "       [-1.90869769e+01, -7.36106931e+00,  5.05632112e+00,\n",
       "        -4.64410334e+00, -4.82010039e+00,  6.60840984e-01],\n",
       "       [-1.92465270e+01,  7.12482420e+00,  4.90996115e+00,\n",
       "         4.29236815e+00, -6.85723646e-01,  5.87221488e+00],\n",
       "       [-2.62949564e+01,  5.42886395e+00,  6.53857152e+00,\n",
       "         4.69194831e+00, -2.14588102e+00,  9.54634960e+00],\n",
       "       [-2.65588097e+01, -2.70339920e+00, -1.11265185e+00,\n",
       "        -4.59646936e+00,  1.91922777e+00,  6.88830407e-01],\n",
       "       [-2.90492382e+01,  5.37001744e-01, -9.24533088e+00,\n",
       "        -5.09042933e+00, -3.38143944e+00, -3.76268959e+00],\n",
       "       [-2.61199471e+01, -6.74093349e+00,  1.50277784e+00,\n",
       "        -9.68866416e+00,  1.24803496e+00,  1.55635912e-01],\n",
       "       [ 1.07322738e+01,  1.25464071e+00, -9.50948804e+00,\n",
       "        -1.80673547e+00,  5.21510044e+00,  2.57476911e+00],\n",
       "       [ 1.05668782e+01,  1.77265961e+01,  1.81502814e+00,\n",
       "         1.18003585e+00,  8.74511109e+00,  1.56438007e+00],\n",
       "       [-2.62021906e+01, -4.52207662e-01,  1.50767398e-01,\n",
       "         9.83840672e+00, -1.76617502e+00,  5.07755347e+00],\n",
       "       [-2.53662368e+01, -3.43593029e+00, -3.26867140e+00,\n",
       "         2.76997210e+00, -6.44634883e+00,  2.46236250e+00],\n",
       "       [-2.69915381e+01, -4.11207426e+00, -1.52622442e+00,\n",
       "        -3.21823701e+00, -2.27224105e+00, -7.90832795e-01],\n",
       "       [-1.20774273e+01, -1.49178416e+01, -7.93339086e+00,\n",
       "        -4.06370723e-01,  5.32658466e+00, -4.54638412e+00],\n",
       "       [-8.89679642e+00,  6.92119573e+00, -4.73378648e+00,\n",
       "        -2.90435860e+00, -3.01985842e+00,  9.12508867e-01],\n",
       "       [ 1.41530307e-01,  7.48048182e-01, -1.36793712e+01,\n",
       "         4.16050153e+00, -4.40162214e+00,  3.62468396e+00],\n",
       "       [-1.75226186e+01, -8.26575740e+00,  1.70550089e+01,\n",
       "         2.30845573e+00,  8.31354117e+00,  3.47778878e+00],\n",
       "       [-1.43705930e+01, -9.17122934e+00, -5.53691544e+00,\n",
       "        -4.90660427e+00, -2.05998595e-02,  2.63008739e-01],\n",
       "       [-2.43700516e+01, -1.01845731e+01, -8.85815281e+00,\n",
       "         5.34799563e+00,  9.20981313e+00, -6.10849042e+00],\n",
       "       [-2.22346828e+01, -4.46108507e+00, -5.10179798e+00,\n",
       "        -4.57041153e+00, -1.66541767e+00,  2.25370053e+00],\n",
       "       [-1.24768910e+01, -9.45394976e+00,  1.32283186e+01,\n",
       "         1.25032018e+01,  1.66878579e+00,  7.57558695e-01],\n",
       "       [-9.53437686e+00,  1.17067216e+01,  1.58881011e+00,\n",
       "        -6.02924985e+00,  3.10401150e+00, -5.20715432e+00],\n",
       "       [ 2.28276225e+01,  1.42102699e+00, -8.84133402e+00,\n",
       "         2.68286043e+00, -7.48646967e+00,  6.41430956e+00],\n",
       "       [-1.05120912e+01, -1.64507779e+01,  2.08857376e+01,\n",
       "        -8.40706357e+00,  1.60561964e+00, -1.75335804e+00],\n",
       "       [ 2.19249189e+01, -1.19780834e+01,  1.03349081e+00,\n",
       "        -8.59116645e+00, -2.84430550e+00,  4.57512442e-01],\n",
       "       [ 9.87834258e+00, -2.60560872e+00, -1.10495196e+00,\n",
       "        -4.25979056e+00, -9.24043560e-01,  3.32787630e-01],\n",
       "       [-9.12665577e+00, -1.81221946e+00,  2.48759771e+00,\n",
       "         2.28084826e+00, -7.32803201e-01, -4.51052003e+00],\n",
       "       [ 2.87566796e+01, -5.36356144e+00, -1.19604702e+01,\n",
       "         9.31661407e+00, -4.89209230e+00,  1.37951563e+00],\n",
       "       [ 3.48784508e+00, -7.28064652e+00, -1.07938546e+01,\n",
       "         4.07731231e+00,  3.07222313e+00, -2.30412278e+00],\n",
       "       [ 6.08763793e+00, -4.47963610e+00, -2.39856707e-02,\n",
       "         5.28366759e+00, -5.86513697e+00, -2.57549264e+00],\n",
       "       [ 1.86942290e+01,  1.86758989e+00, -1.26483700e+01,\n",
       "        -1.95652186e-01,  4.77630410e+00,  8.01451634e+00],\n",
       "       [ 3.15106010e+01, -3.45161778e+00, -1.71922596e+01,\n",
       "         1.25842502e+00,  5.63567678e+00, -4.67196641e+00],\n",
       "       [ 3.15603138e+01,  5.10699131e+00,  1.36046046e+01,\n",
       "         1.10706454e+00,  1.60594432e+01,  4.30706905e+00],\n",
       "       [-4.51156464e-01, -7.92523811e+00,  1.77177700e+01,\n",
       "        -7.25432065e+00,  3.51042414e+00, -7.04716402e-01],\n",
       "       [ 3.50007290e+01, -1.09852740e+00, -8.91744843e+00,\n",
       "         6.03065104e+00, -1.53636275e+00,  5.05414176e+00],\n",
       "       [ 2.28265820e+01, -1.58652810e+01,  8.61877048e-02,\n",
       "         4.39924085e+00, -2.75997606e+00, -6.28203665e+00],\n",
       "       [ 3.18307229e+01, -1.46953631e+01,  8.43168553e+00,\n",
       "         1.15809323e+00,  1.06514646e+01, -3.36011498e+00],\n",
       "       [-9.14196464e+00, -1.80738878e+01, -1.63191292e+00,\n",
       "        -2.49733483e+00,  8.06155647e+00,  1.68752360e+00],\n",
       "       [-1.49617636e+01, -7.40754750e+00, -1.38589702e+01,\n",
       "        -1.40769345e+00,  9.74076981e+00,  3.04808219e+00],\n",
       "       [ 1.09255723e+00, -6.40667906e+00,  2.63260527e+01,\n",
       "         1.49154683e+01,  3.29463670e+00, -1.99401505e+00],\n",
       "       [ 1.72788244e+01, -6.97875225e+00,  8.91533902e+00,\n",
       "        -4.22297440e+00, -1.76058842e+01, -3.19100184e+00],\n",
       "       [ 2.02469409e+01, -3.92841296e+00, -6.49228724e+00,\n",
       "         1.35089510e+01,  3.57059551e-01, -2.55677550e+00],\n",
       "       [ 4.32313608e+01, -3.23254815e+00,  6.54023868e+00,\n",
       "        -1.49659287e+01, -6.92031255e-01,  8.82154239e+00],\n",
       "       [ 9.01172901e+00, -3.83574728e+00,  1.79200579e+01,\n",
       "         6.14971224e+00, -2.07942876e+01,  1.59785473e+00],\n",
       "       [ 3.45583692e+01, -1.79103959e+01, -1.86498108e+01,\n",
       "         1.79341847e+00,  5.78262794e+00, -7.70354369e-01],\n",
       "       [ 2.87353024e+01, -6.73192718e+00, -8.94741722e+00,\n",
       "         9.50291516e-01, -1.29023365e+00, -1.28129089e+00],\n",
       "       [ 1.84359022e+01, -2.28919384e+01,  4.70939428e+00,\n",
       "        -1.47082555e+00,  5.76826605e+00,  2.53756565e+00],\n",
       "       [-2.52227648e+00, -6.08720782e+00,  2.09326570e+01,\n",
       "        -4.75062517e+00, -2.04364304e+00,  3.15280292e+00],\n",
       "       [-5.89672172e+00, -3.67975112e+00, -1.63156271e+00,\n",
       "        -7.60287610e-01, -8.66146260e+00, -4.52540867e+00],\n",
       "       [ 3.17248632e-01, -1.81787667e+01, -1.28775351e+01,\n",
       "        -7.29110607e-01,  2.10506576e+00, -3.64556816e+00],\n",
       "       [ 1.21204613e+01, -9.80941528e+00,  2.55587285e+00,\n",
       "         2.31642327e+00, -3.37512253e+00,  3.71244143e+00],\n",
       "       [ 2.48925887e+01, -6.30375935e-02, -1.31501962e+01,\n",
       "         4.54683176e+00, -9.73415271e-01, -1.52753576e+00]])"
      ]
     },
     "execution_count": 7,
     "metadata": {},
     "output_type": "execute_result"
    }
   ],
   "source": [
    "projected_data = np.dot(data_centered, eigenvectors)\n",
    "projected_data"
   ]
  },
  {
   "cell_type": "markdown",
   "metadata": {},
   "source": [
    "### 6. Результаты"
   ]
  },
  {
   "cell_type": "code",
   "execution_count": 8,
   "metadata": {},
   "outputs": [
    {
     "name": "stdout",
     "output_type": "stream",
     "text": [
      "Объяснённая дисперсия: [363.23295919 119.19843693  91.62374906  47.54565899  43.29783624\n",
      "  13.04851148] \n",
      "\n",
      "Доля объяснённой дисперсии: [0.53578359 0.17582261 0.13514881 0.07013181 0.06386609 0.01924709] \n",
      "\n",
      "Главные компоненты (векторы):\n",
      " [[-0.58489168  0.48113766  0.38369624 -0.18402864 -0.48057759  0.11985032]\n",
      " [-0.31780026 -0.33942831 -0.19194274  0.63460139 -0.44473463 -0.38267687]\n",
      " [-0.69081144 -0.34038398  0.12416326 -0.01168077  0.62146814  0.07171259]\n",
      " [-0.04566848 -0.48702893 -0.22000562 -0.15389928 -0.36258469  0.74643291]\n",
      " [-0.14836063 -0.22724366 -0.35322081 -0.72452153 -0.17519795 -0.49594227]\n",
      " [-0.2357706   0.49859489 -0.79205508  0.12108531  0.15123381  0.17587151]] \n",
      "\n",
      "Проекция данных (первые строки):\n",
      " [[-26.98323599   0.61537471   0.16382544   4.35084026   9.60808957\n",
      "    0.74595042]\n",
      " [-18.25615656  -1.76341356  -1.53145527  -3.22047344  -3.54168322\n",
      "   -6.04110777]\n",
      " [ -6.82587003  15.70704291  -7.43209725   3.89442707   2.99626006\n",
      "    2.26236217]\n",
      " [ -3.01583714  22.32163963   3.97366303  -1.41530264   7.81946878\n",
      "   -5.99492674]\n",
      " [ -8.11676515  16.2255194   -6.48310804  -7.32102359  -4.81288672\n",
      "    0.71475617]] \n",
      "\n"
     ]
    }
   ],
   "source": [
    "results = {\n",
    "        \"explained_variance\": eigenvalues,\n",
    "        \"explained_variance_ratio\": eigenvalues / np.sum(eigenvalues),\n",
    "        \"components\": eigenvectors,\n",
    "        \"projected_data\": projected_data\n",
    "    }\n",
    "\n",
    "print(\"Объяснённая дисперсия:\", results['explained_variance'],'\\n' )\n",
    "print(\"Доля объяснённой дисперсии:\", results['explained_variance_ratio'],'\\n')\n",
    "print(\"Главные компоненты (векторы):\\n\", results['components'],'\\n')\n",
    "print(\"Проекция данных (первые строки):\\n\", results['projected_data'][:5],'\\n')"
   ]
  },
  {
   "cell_type": "markdown",
   "metadata": {},
   "source": [
    "## Выведем полный алгоритм функцией"
   ]
  },
  {
   "cell_type": "code",
   "execution_count": 9,
   "metadata": {},
   "outputs": [
    {
     "data": {
      "text/plain": [
       "{'explained_variance': array([363.23295919, 119.19843693,  91.62374906,  47.54565899,\n",
       "         43.29783624,  13.04851148]),\n",
       " 'explained_variance_ratio': array([0.53578359, 0.17582261, 0.13514881, 0.07013181, 0.06386609,\n",
       "        0.01924709]),\n",
       " 'components': array([[ 0.58489168,  0.48113766,  0.38369624,  0.18402864,  0.48057759,\n",
       "          0.11985032],\n",
       "        [ 0.31780026, -0.33942831, -0.19194274, -0.63460139,  0.44473463,\n",
       "         -0.38267687],\n",
       "        [ 0.69081144, -0.34038398,  0.12416326,  0.01168077, -0.62146814,\n",
       "          0.07171259],\n",
       "        [ 0.04566848, -0.48702893, -0.22000562,  0.15389928,  0.36258469,\n",
       "          0.74643291],\n",
       "        [ 0.14836063, -0.22724366, -0.35322081,  0.72452153,  0.17519795,\n",
       "         -0.49594227],\n",
       "        [ 0.2357706 ,  0.49859489, -0.79205508, -0.12108531, -0.15123381,\n",
       "          0.17587151]]),\n",
       " 'projected_data': array([[ 2.69832360e+01,  6.15374714e-01,  1.63825443e-01,\n",
       "         -4.35084026e+00, -9.60808957e+00,  7.45950418e-01],\n",
       "        [ 1.82561566e+01, -1.76341356e+00, -1.53145527e+00,\n",
       "          3.22047344e+00,  3.54168322e+00, -6.04110777e+00],\n",
       "        [ 6.82587003e+00,  1.57070429e+01, -7.43209725e+00,\n",
       "         -3.89442707e+00, -2.99626006e+00,  2.26236217e+00],\n",
       "        [ 3.01583714e+00,  2.23216396e+01,  3.97366303e+00,\n",
       "          1.41530264e+00, -7.81946878e+00, -5.99492674e+00],\n",
       "        [ 8.11676515e+00,  1.62255194e+01, -6.48310804e+00,\n",
       "          7.32102359e+00,  4.81288672e+00,  7.14756170e-01],\n",
       "        [ 1.86872208e+01,  9.91811710e+00, -5.68191267e+00,\n",
       "          6.27679253e+00,  1.33631682e+01, -2.39048103e+00],\n",
       "        [ 2.52283917e+01,  5.86358434e+00, -4.51031597e+00,\n",
       "          7.65427989e+00, -8.93447929e+00, -1.24215390e+00],\n",
       "        [ 2.46712148e+01, -2.04509038e-01, -1.57591966e+00,\n",
       "          9.48458339e+00, -7.24623759e+00, -1.48078338e+00],\n",
       "        [-7.46486617e+00,  1.99594493e+01,  6.20260882e+00,\n",
       "          4.54746766e+00,  3.58680979e+00, -3.04652598e+00],\n",
       "        [ 8.88337487e+00,  1.50190405e+01, -3.27119549e+00,\n",
       "         -9.53032474e+00, -1.40515963e+00,  6.23679767e-01],\n",
       "        [-1.22953680e+01,  2.02280195e+01,  1.75951578e+00,\n",
       "         -1.98645191e+00,  3.26369063e+00, -5.06061021e+00],\n",
       "        [ 6.05545889e+00,  1.45368665e+00, -1.18226063e+01,\n",
       "          3.36109040e+00,  1.39902191e+01, -1.95530585e+00],\n",
       "        [-5.68824783e+00,  1.32385382e+01, -9.79255508e-01,\n",
       "         -4.76776602e+00,  4.59014863e+00, -1.52549400e+00],\n",
       "        [-1.63086046e+01,  2.74941043e+01,  1.12749818e-01,\n",
       "         -1.87305313e+00, -1.31924259e+01, -1.96715327e+00],\n",
       "        [ 9.32529848e+00, -2.47524714e+00, -2.54706644e+00,\n",
       "          7.17710430e+00, -2.74809887e-01,  2.81784552e+00],\n",
       "        [-2.42761577e+00,  1.28270539e+01,  6.12165506e+00,\n",
       "         -1.32083848e+01, -3.27129306e+00, -2.37972895e+00],\n",
       "        [-7.73870415e+00,  2.32128251e+01, -2.97999669e+00,\n",
       "          9.06728802e+00, -4.78036918e+00, -4.81013423e-01],\n",
       "        [ 1.12304991e+01,  1.39542540e+01, -1.62489966e+00,\n",
       "          3.03556241e+00, -2.00808860e+00,  4.67113629e+00],\n",
       "        [-4.36554840e+00,  5.65146887e+00,  7.40369336e+00,\n",
       "          1.60860034e+00,  9.66686568e-01,  3.78577525e-01],\n",
       "        [-4.08717153e+00,  1.28733518e+01,  1.10332720e+01,\n",
       "         -1.23302898e+01,  2.44303032e+00, -1.07772748e+00],\n",
       "        [-2.14122680e+01,  2.66150309e+01,  2.85725264e+00,\n",
       "          5.45344661e+00, -2.18027395e-01, -3.87370496e+00],\n",
       "        [ 5.83343591e+00, -9.92823069e+00,  1.27773341e+01,\n",
       "         -4.83213026e+00,  1.54643318e-02, -7.03693533e+00],\n",
       "        [-4.62726388e+00,  2.27517757e+00, -3.82300936e+00,\n",
       "         -6.09139574e+00,  1.28220625e+01, -1.25035798e+00],\n",
       "        [-3.34471957e+01,  4.36082767e+00,  1.76025489e+01,\n",
       "          1.58812461e+01,  3.64546564e+00, -1.26188302e+00],\n",
